$ANSIBLE_VAULT;1.1;AES256
36306536353537656165623839636436313462333933633866616534623037643731616230396261
3135663635646131356439353264303939333432653364620a643539613431656233653839643964
30373861306362306161636138623730663735633237373630663837353634343164336365353837
3563366338353566630a393237303233646433373035643831623232303764386239386163353231
33666237383430396237643562363164653966666531353832636238333266666262613664363937
64643832653732643731336364373136376230646239346533393434656164636334303734616132
30633237623335336237653738356163353663323364626235343332636638366362363234316563
36613330663238666662396464643439653330336161653737383031633030363331626435386264
64383266613239373431386235333762613737373437376539303136613939336234313535383435
35313766366663626165643965613930383462626538353337313666343234383731303233363335
35626265346664616266633765643136333837303934636336326636303533386465393365633137
61313634303838316139353532653931313737363966643433303435376432386161343530646664
63356434393366313136343963666132393738383966383037343566333666616435303662323630
31373965346362313566623165633033353762373562663434326462336662353839366538623736
33336639353962633533343665666634393538393030353331323565653534643262613963383735
31616562353934646464306566333030626561376537626361353935366535316665646266366339
31393363396162323461343764323933376365646332363037623336396635656230383165636331
30646336313831333738333666363563353962643064643462336532383661383863303765636233
65373130626334306237383436653636386365613162383132393830313530633730646362646437
63643332396436323064303637313463313736363939353361373661633737316436616431343864
61373434306639626539366166646161373334373936313539633665343163393738653738366163
30396433396462356632393937633033303737393738336339353135353161616338383834306166
31653062613761356333343339313535313234316635386230633638363137303739373336313861
34336562613038643265313431336630383030643731336136333965663836353335643832376262
31356637373038643438303530363861336532393937326236303836663865333963616134646662
34653836656433386138383561353932313439663763383164303232373263313062303836656462
63323263343535633533313663343862363631626630666333303564633265333334333764363336
61326435393939396632356162396535363238353332353035373930303566643966303238366634
65626665343931336661343132343237346532316563393361643633393031303838663937326236
65373830323366356138633765393534313936393361623836653664326466373266396531383266
35626462343137656637343964633334396533376135626538666132656137646461363564323337
36323934323432373332336566336135373136353632366232653466393931663765666230643231
36393835336537376137613733613965353238353566376565653138326436306533663763383862
63623865373761333166386665373739333530373936653335663336353531633963353334656362
66383461313665643936383761653133303338313561653737653764376636343533373566366339
32343130353061333865353266343436346263346130313561323164623531313361313733383964
64353665653237333161356436663633666434306332313865303736626331663335613036353738
33303339626430666638353762313237643230616664373039303333636335643161613062663030
66393938306438626637323533373934363732383538386539623335333831383261626661393231
39356565313635663164653438326633303237383938643261633266663031636637613461376431
61323565393931393935626265343530373861373066363163633437636563396361333338616565
35323333303939366263633835626463653334336533343061666461373338316162656637613331
32313163633632653762336338306561633765303131343061323932333061333133313039636238
65343833363234336433323531353433386265666531393464383264666362643238646634386565
34383562666437306635303137653632356261636234303664616238343636373961633833363539
64663762373131373639323632386630363261626366643435363134356163396439323230373430
64306630383433353130393066646233333335653033646262343466643336616365656132343162
63363533636338373962653232373039316664653863336565663062323634333466633465356139
31653330326662663534373332633330346664613636313437653637383330313334326634363535
65383431353261363931663631643263653461633232663065616636353038343037336134656636
38356331323335333562663638633333613336633132633663653736353731303062393066396562
65656662626235343063366636323562363931336333356236303062373366663065666438663962
36353865393832373239363630353237653933616633393863343162333431306133656565633865
61313362336435663333653266353934366431633463633261616563633530343231346235316534
31366530383862616431303232336661336434393030346361633438363863623331613735636330
36356666383133636139376630353837303936326438383335646562623439383161366136663435
61396237323363386531336634643738313537636638653430656533643832363430653437343161
62323232643563383261303262653935366234653764343936653761353761346533363033353163
37653066616438356633623665393665313636633863363833393362386634386362346539333666
37663235623033653133396130633430303033303363643834646631633331333334366361376464
61303939653532303734613461353163656561386638616164646462626637383965333135383231
37356664306239386438383235643234326335386237616539626239393731623733353332623163
35616138666531333331613733376563373565656433393035623639383135623633613731326139
63383334643535636464623136373031643765366662653561376466656338393164653561616633
30643263326435306536653661626336353938613539383334616636323036343361616462383632
63363234663535656335613739386230633832306662313763626561386665323136643665613761
39636533616330663637386563333438303764323833306461313132316336663263643766353635
65636338303665363539356631616665666535646433356563326562653066626463643338353435
62346333386364373234303533303635376662303539353838363363306139613634303633396165
66323466383639303162363666393162356663323761623939616535396330653035346235396635
33616263623563656534326230653762316134653530323266653866633936313232633062656361
66303536633363646263373964366261613261636163336635323534663766353339353533343431
64386234353262356133326365323264393764343335363330646232323039326634303332636262
66633330353831363933303564303838613638613539363066633566363662646434306361613366
65626238653530393361663638373364363833346338393133323732653439346363363035643930
63346138643962383964663232316366363532383366373363333566353662633030366438636531
32333438393832623436373530323638373837373833393532323963623034353563306230666466
62653332336336333139393531626138383131336463383838333063376437333335653736353735
32343065386665303032356562333834353635373838373434626565363830376366333433386265
65343938626136646131616633383464313766666337626532643762646661653338663764306264
39623037663536626364366130346664343862353066303630663166623839666566666139393066
62343130643164346461306638303037303562316265366336333964313465646466343439313633
33313134313166313563323032373462643737366234613563636163363738653630333661383338
62663364326361313462663434363761306136623538653634356238343435646533663162653466
63366162626435363332633763393564363030366363386637653262363130333866383265343230
31326334316133366637353662333061623564613866373164396233323037363135353731663664
66303735643663383734643339633538336536336538306533323137356337646263313434353035
37653662393130663562656433303862323065353438636435333765363537393736363530633538
66316332633337643934353634353238366362346366353335356665646166613731323834333138
32393731643732623432633433363034613365353366363639653965303036626233336362376165
38666636643639373630643831303335653561393238356334663931336334303264383839353366
63663363636165323438383436666161393063323463383137613738356136643564393439323461
38333931363237386365316536323863653732646637366435616632366664383538343936373466
63336136326231306361666466663730303636383262363735653237616235303462303033623230
66373564326362353030663533663435393265313731636330643134333765373366383066623263
36373536366666323464333962636661323634396132306464386539363266363331366133313639
62363238383066326435633762313933363162366132366334656464653036326434396437666461
66613962323739356233646364346361366164666664633463393237303465346661356663306538
66383630323763616365666566393632383736656666623335653236396237353735376539376234
37363864623739633165313636343736396564353630386238316234646237323039353166663665
62626133316330353064653666313861633238303334363934383861313563376533616235346462
35323161633335366432306362633935653465373634373866353330313661383436353864343362
66353436303061623539633838343066363164373862616164383530643631616235386232343630
64343130383066643531613935613330643132666137386536626662356432303330373233356566
63666637313333646639336561393830353938633531303930343166313863633465356436373433
63633835656263366230336166343561336334373438663531373831363239656239616235386335
62343437373961346266336335303161623662643361666631373332313266363663303162653965
66663132373434646561653665386165386265306635613566663437323565643637666365666363
38313939656539383039383034373538343130333264373863373566353164646262376437336132
63306330306431306634643037353830383738656464646633653630343765653537343036313936
33323434306461656136306564643464353564323337323735616439616432623134393732376562
64316361613434363432616137303363336466366238323435323666316331616333316163333664
37353363343335653630366362613961333564356332386162636432323138336165616639653564
32663034346338313834643535613362646138306330663264326232343062313035363436646163
62383262396435303231396434303861636439383035386265633139646136343238356239396566
30356435646562303038323935346333626664623738316130393763623964643634353131386666
31653231303636356262663336333739363435386364623332376435396537333461323261333430
35646335303166366337306336653731313066313930623565666263356465663166393562373331
37633463346436326366376631366135363465333932646364636337656439643966333662316435
33646561333534663733383637626131353564323161383939383030626532616634653531326633
33626166316235333133613235386665373136366563636565313639656339623763353935366361
31653830346364653835643138623738666130633238373932326165623230643833613832313766
37353431333230633264663539336632353330316161323331333334383362363162346236646564
63323561633138363663646330626163303333393263313930353163626163363133376530356237
63396636333364393633346430623337366361383030376361333463646436303937666364646432
38343863633936396537356236313430316566646138383866626562306361616630366661656530
34323662373032633937626136386164313739356336323665663735643361323263393734393664
31663230343264643965386434646230353635616333363938326132653866306637396438303633
64393464326262633965353833643130376262336134343735336434613737623866616533386538
64376232623731643065343638363331666437323763313666343130373536376165396635323863
61323433623530336164643865336330663032393562313338393939396166366631636165653539
65623063373235623861333933343835376563336536353965366530373566383963333562306538
31613132646463663030383063333263656238356364633438386631383632356363656564396332
61323934343936633361343439646337653431356435353736313931373064343532626530363663
65633937316234383761353732323862343165346137326637366161396366363334613664663633
36616334326130633037663161633861303935653139393464616235393339376439663966393836
39626134373933643336373231626335663666336234633838353536393339653239336432326161
31376664626538393133633739353533613534386636373238626231653237326534326237613239
38343230363236363439323538376661346662636163303934633862303636336636613963616639
66636537346561326131646635366233666264326262626333643434303939613830333632613665
64636239643335316234383765303334636539363964343133366161663038313838386438623262
31663064343234356336363664343734333739636564396661393861313962646334623437613363
35653533646139336534643165626663626531646364333066633638303435303635353738313330
35343566343339336632343333306163643664316666323633353335303235643765633364636632
66663733636231633364323237363235353164316532336366333661303730346462383930386634
35633264656336653336326136663232313563323932643761346235623231343733306630373030
37646261356636306632636335306534363537396566376331666330383933623534313332613566
32363465363963366666666164343439383631343536313762633134623738376339393531643366
34623334353739623362323735616638363563306435373666643030313831373565306164376435
39386335653866333265666631326138363661666562636534316266666265396565376336636136
61613864636536393136363265363739643031653136373033663063323964356138316363373265
34316465663635636438323637333731366335386639306138376364663262653832393436383164
66643762373532376531383466346135333632336238366234623239663666643130386365633934
38393266323038653965373063376336303538356464356539343565346239626530653536613230
64396336663163323338383830343865333037323937316330363435383134333161346237633238
33653833343264343835336462386164356539323463306465663132346631373533303132373662
34346564643031333264393732313436663862396535343133333235643736326261353736653835
30623835386431626639353466376461306539333134616435353331386262633834343735663539
63333336316332393361613362636566653366666462303739323936663965333466666636656262
30656339383766363236313765326566323962636430333962386135366632383532373337363461
62363163353032373639373165303037363737613033346662623838633236343733303336303437
62353930646464353530393437303930643835663564663633306633353463383134313530303862
36333330613234626664643434326136306430636466363365653831316536636339363838663037
36336234653534383361383161643137636366366365623662623834373132316263326437306535
36616435646130663234346231316439623865306532393939383831353336643466323838653230
3130626236323063623039333064366536393466376133326464
